0.47206226322386
0.47242284152242875
0.4763392640484704
0.47227659490373397
0.46946579549047684
0.46939653158187866
0.4663688573572371
0.4704316523340013
0.4750754800107744
0.4699435763888889
0.46725401282310486
0.4666821261246999
0.46628626187642414
0.4594687985049354
0.4266808595922258
0.40086764097213745
0.4125584165255229
0.47494951883951825
0.536597470442454
0.572676850689782
0.5964034199714661
0.6092854804462857
0.64030878411399
0.6630736920568678
0.7092334694332547
0.7031290398703681
0.7135707669787936
0.6945164534780714
0.8156828814082675
0.7722352743148804
0.8379837936825223
0.7852152519755893
0.9430279864205254
0.9317596952120463
1.092660453584459
1.2269393470552232
1.0491103596157498
1.6205184724595811
0.8649323847558763
1.2285438511106703
0.596965922249688
0.9550488293170929
0.5631063282489777
0.7376504209306505
0.810947737760014
0.7290588683552213
0.6908775253428353
0.7716371218363444
1.2834126949310303
1.0912983417510986
1.0122024516264598
0.7557459473609924
1.411532501379649
1.2388194733195834
1.3949373960494995
1.093906581401825
1.3982960515552096
0.5455466227398978
0.65952035288016
0.8313968578974406
1.271227949195438
1.017493810918596
1.750261902809143
1.4196389317512512
1.546053581767612
0.6427839166588254
1.1113915708329942
0.6541738477018144
0.8508936199876997
0.8649058805571662
0.7762496537632413
0.572974701722463
0.7207383579678006
0.668587240907881
0.8140091035101149
0.7875707977347903
0.8316486378510793
0.89685986439387
1.0482177072101169
0.6364328927463956
0.6315612130694919
0.9668579234017266
0.5680175655417972
0.9399255249235365
0.6272828545835283
1.01821478539043
0.7294257283210754
0.6719944013489617
0.5412387433979247
0.7539238267474704
0.6245026455985175
0.8551843729284074
0.7776061793168386
0.9319407012727525
0.6776326100031534
1.0256051619847615
0.8326874673366547
0.9619472556644015
0.6654738187789917
0.9604159659809537
0.8664590915044149
0.827929738495085
0.6487168669700623
1.1390586296717327
0.7209385964605544
1.0902111530303955
0.790274139907625
0.9069610370530022
0.7275898357232412
0.9853712055418227
0.7568958352009455
0.8941206832726797
0.8448770874076419
0.5966842174530029
1.0470641785197787
0.7580189969804552
0.7975650330384573
0.5846250686380599
0.7329765790038638
0.7379804286691878
0.7123379309972128
0.8617170552412668
0.6914675500657823
0.7220034632417891
0.9854486617777083
0.7139736943774753
0.9164849983321296
0.944046116537518
0.7239706582493253
0.8658045066727532
0.7785606185595194
0.9230624039967855
0.6193808913230896
0.8011592229207357
0.720734030008316
0.6652043892277612
0.6969205803341336
0.778339746925566
0.7165421545505524
0.8557308382458158
0.6908710598945618
0.8117264343632592
0.6719480951627096
0.9577035506566366
0.7317519982655843
0.8489136166042752
0.7071253557999929
0.8299413588311937
0.9849018189642165
0.7613169087304009
0.7773314846886529
0.6359027425448099
0.9015889300240411
0.5920243197017245
0.6462454597155253
0.7282328142060174
0.5363204214307997
0.7103747659259372
0.724117206202613
0.7174148360888163
0.7276905410819583
0.6847987241215177
0.8542784253756205
0.8016741077105204
0.7904007302390205
1.0774919854270086
0.8585935665501488
1.0507676071590848
0.6183137264516618
0.9274871349334717
0.7005887462033166
0.9267338282532163
0.9086044794983335
0.7700765265358819
1.0282702777120802
0.7308031684822507
0.8724684847725762
0.6683605644438002
0.9051201475991143
0.6750950283474393
0.8943801058663262
0.6935503482818604
0.8499314387639364
0.8699506521224976
0.7065789898236593
0.6451199849446615
0.7597614129384359
0.7332090338071188
0.8118988143073188
0.7114889224370321
0.8566536704699198
0.8994756175412072
0.8493420547909207
0.9615054461691115
0.7597309284740024
0.9877830942471822
0.795309497250451
0.9148847063382467
0.8219444884194268
0.7682095567385355
0.6146295269330343
0.8263748155699836
0.6597967909442054
0.7628535893228319
0.6918052732944489
0.7411943011813693
0.6156890624099307
0.6052033669418759
0.6803083552254571
0.7538949151833853
0.7020078301429749
0.6085215740733676
0.8054729170269437
0.684186319510142
0.8350890146361457
0.7121025522549947
0.7382754683494568
0.6091413166787889
0.6854304307036929
0.6118605732917786
0.7640237543318007
0.5695659948719872
0.5988355345196195
0.692168116569519
0.5742190281550089
0.6927953859170278
0.5726685292190976
0.6832709113756815
0.5780775116549598
0.6963754428757561
0.6184506813685099
0.669344382153617
0.5584171944194369
0.7313214275572035
0.6250321533944871
0.6909732123215994
0.6333543823824989
0.6322150594658322
0.5868491166167789
0.5052274299992455
0.6351339154773288
0.5492856933010949
0.563334498140547
0.5105095075236427
0.6318234768178728
0.5207899974452125
0.6576167874866061
0.5404437051879035
0.6200090381834242
0.5486192637019687
0.6281666060288748
0.5059769219822354
0.6459227038754357
0.5827336211999258
0.5374560819731818
0.5159284406238132
0.5599399705727895
0.4698890679412418
0.5982266962528229
0.5623328155941434
0.5799376169840494
0.41094762418005204
0.6330715186066098
0.4473056279950672
0.5064697000715468
0.3967897792657216
0.5178569621509976
0.4041122429900699
0.5691534645027585
0.44168759054607815
0.554986404048072
0.44691746433575946
0.5626439617739784
0.43607871731122333
0.4497607780827416
0.36533216966523063
0.5197254187530942
0.4355254868666331
0.4076131234566371
0.3300873107380337
0.5763131413194869
0.3370511763625675
0.47165511382950676
0.40923794441752964
0.39960620138380265
0.42204191121790147
0.41262131598260665
0.33676368329260087
0.5039636393388113
0.3436128828260634
0.4909224675761329
0.31398577822579277
0.44614361392127144
0.3571623100174798
0.4491574317216873
0.36330103543069625
0.37589485115475124
0.42793100078900653
0.3562807622883055
0.4674968785709805
0.34179198410775924
0.43951717681354946
0.39236709475517273
0.4693592025174035
0.35031069649590385
0.3914036187860701
0.3464703924126095
0.5056245989269681
0.3663761185275184
0.46465786629252964
0.3232739369074504
0.42164091269175213
0.37244994441668194
0.48824715945455766
0.34909649855560726
0.447122229470147
0.4033324983384874
0.3195587992668152
0.4260208507378896
0.33449377285109627
0.2676266001330482
0.4404227270020379
0.374358175529374
0.48925210369957817
0.3976647953192393
0.4427768687407176
0.29154691265689003
0.39590899149576825
0.29692085418436265
0.36453253361913895
0.3381884429189894
0.3307214031616847
0.35941053099102444
0.35581754479143357
0.3192278527551227
0.3925842328204049
0.34632931815253365
0.4649948279062907
0.31510867675145465
0.302423228820165
0.44467629657851326
0.31567460629675126
0.41457994116677177
0.30962974164221024
0.4054429017835193
0.37155088782310486
0.34683604538440704
0.33412454194492763
0.39025308357344735
0.31420858204364777
0.3938813242647383
0.2899393555190828
0.4384712311956618
0.35872457424799603
0.40132222572962445
0.32088800105783677
0.35211772720019024
0.2840595742066701
0.35202330019738937
0.24846038056744468
0.32706091304620105
0.2716127336025238
0.42384257912635803
0.26610402597321403
0.35264626973205143
0.26138042906920117
0.36968626578648883
0.28905536068810356
0.3506529281536738
0.290682401922014
0.32157980236742234
0.3008848975102107
0.3351172208786011
0.2920929590861003
0.3233850482437346
0.2873942024177975
0.3633157147301568
0.2731539358695348
0.32653835746977067
0.2692955980698268
0.3479626029729843
0.2421194480525123
0.30644118951426613
0.23253093494309318
0.35934509999222225
0.32092341780662537
0.3623434536986881
0.30562576320436263
0.2996202160914739
0.2657963020933999
0.3452927950355742
0.2834307137462828
0.2807140996058782
0.3512287471029494
0.27370892465114594
0.33834659059842426
0.25130929549535114
0.3490914586517546
0.2579708844423294
0.3594859689474106
0.28687871992588043
0.3142036745945613
0.26815950373808545
0.3103461977508333
0.2595081660482619
0.25088301135434043
0.30069494909710354
0.217384719186359
0.31899361146820915
0.2615917805168364
0.32778149512079024
0.2046182139052285
0.3257945527633031
0.26626159250736237
0.3203466087579727
0.249426598350207
0.36593911051750183
0.25469334092405105
0.3302110450135337
0.2864452600479126
0.298345352212588
0.26067471835348344
0.3273015204403136
0.2508133633269204
0.3507810632387797
0.23290574881765577
0.3143090870645311
0.2147480828894509
0.3405931873453988
0.24348838130633035
0.2309925870762931
0.3009179201391008
0.26509153180652195
0.2929161853260464
0.2274336169163386
0.3459402819474538
0.2469946344693502
0.36856035391489667
0.2504701084560818
0.3084596064355638
0.3053268889586131
0.27554817332161796
0.3600742949379815
0.25105223887496525
0.32510119511021507
0.29301412403583527
0.3080807030200958
0.2610210743215349
0.289926764037874
0.24651509688960183
0.30258071257008445
0.28647612531979877
0.24325615333186257
0.3096143951018651
0.22893382608890533
0.2534129586484697
0.24595769743124643
0.2846368004878362
0.266670576400227
0.2941718449195226
0.277957656317287
0.2910284664895799
0.18682763228813806
0.24800810548994276
0.20146998597515953
0.271954165564643
0.23859588470723894
0.2963411543104384
0.2285897301303016
0.3154120859172609
0.22457830939027998
0.2758713662624359
0.21754669149716696
0.2823262032535341
0.2546423375606537
0.2917140656047397
0.21358085340923733
0.22143634574280846
0.22927950736549166
0.26277494264973533
0.17470060454474556
0.3034806003173192
0.22065973612997267
0.22669487529330784
0.24841552641656664
0.25733403530385757
0.2634023146496879
0.21523692541652256
0.27623312340842354
0.22983855340215895
0.2572273529238171
0.2101864574684037
0.3025158362256156
0.24075955318080056
0.27567772070566815
0.29217999511294895
0.23575667871369255
0.35214794675509137
0.31339522037241196
0.19826228668292364
0.26624668141206104
0.2967146469487084
0.29003170298205483
0.246848550107744
0.322577781147427
0.1729533217019505
0.28151113126013017
0.20938223765956032
0.2720830854442384
0.20933465162913004
0.2553321537044313
0.23626481493314108
0.31287088990211487
0.21848786042796242
0.268586676981714
0.18994498915142483
0.32389050556553733
0.24456152651045057
0.19686567452218798
0.26344163053565556
0.17445774210823906
0.2627434796757168
0.261698904964659
0.23399626877572802
0.22836465057399538
0.2789359556304084
0.19426307247744667
0.24689209047291014
