5.0
9.76
7.64
6.68
11.2
13.12
8.64
6.88
11.4
6.88
14.8
13.28
20.24
7.28
14.6
17.68
13.32
6.2
17.32
8.88
7.0
6.36
7.32
6.92
10.28
11.2
5.48
13.92
2.64
18.44
6.28
16.08
9.6
4.0
10.48
14.96
9.72
5.84
22.16
18.08
9.28
8.32
6.24
14.96
22.96
6.32
10.68
13.68
8.56
7.56
6.4
6.12
8.6
7.84
15.24
9.68
7.32
11.04
5.36
10.84
6.76
11.84
6.56
23.76
13.84
14.44
11.6
5.68
5.04
12.28
8.48
7.12
8.96
9.76
8.2
5.24
11.44
26.04
8.84
5.64
12.68
11.76
13.96
9.24
14.92
16.84
6.08
14.6
18.84
21.28
16.64
5.84
9.88
4.6
9.84
12.52
11.28
8.96
3.8
4.6
2.88
11.8
31.6
5.04
10.2
4.68
5.64
12.88
5.88
17.56
11.52
20.08
7.0
8.36
14.96
13.16
7.08
13.88
6.92
5.88
27.2
7.92
11.2
11.8
9.48
12.44
13.84
15.4
13.28
4.28
12.6
15.2
13.0
8.76
6.44
5.76
16.64
15.4
8.68
15.72
19.8
7.48
16.16
6.04
22.36
25.08
5.64
11.36
14.92
11.56
5.8
5.92
9.76
9.08
27.16
7.44
6.96
11.28
28.0
17.4
14.72
8.04
12.64
18.88
18.0
15.0
14.64
8.2
18.48
10.4
16.64
34.48
12.52
29.16
10.28
5.84
21.08
7.36
6.8
11.8
15.12
17.12
20.16
15.88
14.8
11.8
11.6
32.28
26.64
38.88
3.48
15.8
47.36
14.52
8.68
21.4
7.04
57.2
6.88
14.12
