506
336
238
262
238
564
432
410
246
208
450
364
450
178
268
564
260
482
324
354
308
348
328
226
518
276
462
560
320
264
510
242
464
210
354
574
328
394
322
436
304
466
264
248
346
286
448
434
268
424
562
266
318
384
262
222
316
458
522
540
198
558
366
464
236
232
540
460
390
450
332
448
298
230
478
574
190
634
264
584
298
374
438
316
218
252
202
568
634
590
390
432
132
208
382
462
336
534
438
350
196
286
346
264
532
320
366
338
310
498
422
414
508
288
482
302
442
246
396
394
360
290
448
464
230
180
530
532
324
272
294
194
492
542
436
586
198
244
564
270
230
436
662
358
322
402
336
364
460
272
268
314
336
380
320
440
336
446
202
332
114
308
444
190
418
450
328
574
186
462
476
382
420
376
420
454
480
310
304
220
744
304
182
500
314
226
388
288
302
322
322
396
350
258
338
344
482
302
324
318
508
