516
606
1052
504
1040
586
980
1192
758
758
1264
1010
806
1276
1130
1016
1090
818
342
608
1136
656
896
454
636
656
550
990
1012
756
1438
682
1208
1078
594
496
954
906
936
894
574
1078
638
950
644
806
388
598
880
1524
1102
1020
820
1148
510
408
1042
568
590
402
638
364
1008
596
558
868
1182
1124
992
594
1412
498
508
1066
730
424
1168
474
506
664
834
478
648
588
286
1082
1348
1506
692
584
360
548
1138
832
370
948
1402
594
446
1244
1170
696
826
626
732
868
1080
348
1004
1112
690
384
832
560
828
648
1102
708
712
978
1352
802
606
656
640
1102
504
542
708
532
968
800
1054
1070
628
482
966
888
842
580
798
1016
716
840
482
598
1486
1110
438
908
1110
564
1312
626
1468
1000
1092
666
940
1266
934
1116
326
518
966
602
642
404
990
844
2052
530
670
660
1192
920
690
1144
614
862
670
588
1102
578
392
740
1232
606
560
1564
594
938
572
782
550
1088
612
652
628
1182
714
